6435
4464
7989
7378
8765
7234
6189
9011
6635
5946
3713
6380
1729
4573
3716
5269
2958
9099
5520
7802
1876
8811
7840
1865
3637
5957
438
4678
3484
7599
7947
4657
9338
9193
7268
9839
8279
4060
5841
6474
3919
3814
411
3941
2392
1581
3595
4409
3516
6686
6969
7273
1825
7870
3695
9053
1311
917
8898
2581
29
4489
3027
2251
4116
5086
1129
4781
5456
3878
4575
3609
8028
4364
7289
5240
7942
4915
8572
5270
657
8666
7115
4348
2724
3431
1788
9220
1533
8184
6169
7252
9370
2597
6320
5691
7796
9784
1424
587
5211
8920
6050
1121
1611
8436
891
6111
8537
2194
1766
7479
3350
3947
1103
9583
2843
2068
7604
3209
1582
7006
297
6741
3517
4967
1002
2171
8051
1600
6416
1777
9034
1513
1917
8998
5790
8310
3593
3568
6343
684
6535
7833
4237
7883
9598
8292
9356
4813
1202
9041
7998
416
1761
7643
3284
7603
8273
8978
7236
4891
8266
1559
773
1136
7504
9795
3467
4228
3277
3526
7066
4180
8906
6512
2874
6009
2606
3918
9363
6893
7864
5622
1431
5470
8517
6067
6311
2267
6837
6949
8031
7009
1210
8172
9244
7941
2548
5755
7068
952
6847
4924
367
9274
5759
8951
4425
5458
6315
6959
4720
7529
6387
643
7723
1159
3954
5621
90
5843
2779
9335
775
572
9341
4136
3701
2925
1759
8806
6092
7513
6395
5508
4048
6874
6618
9396
4138
5563
7209
8508
8338
5980
9770
2699
847
5448
6707
6561
4696
6682
6091
9870
7478
4630
6697
9659
2886
8543
6328
5541
372
4037
7262
3449
6498
4638
8610
175
7949
4475
904
5998
245
3075
8596
3499
5205
2683
1701
139
9528
4449
5100
310
3732
2311
6746
6901
9906
5359
8753
9691
3783
9384
4780
663
5849
4332
4558
9042
6996
2839
449
6571
5349
5441
9269
8151
1807
6071
1235
5198
9090
4344
3671
1941
7536
8379
8784
1594
8955
9373
2922
7936
6360
916
5942
4219
2847
2259
7381
1662
3004
9604
948
7928
4005
7926
3328
7084
8657
5096
4374
2363
4049
3612
906
8797
9858
5363
146
6554
5612
8386
8665
6313
4127
481
1325
5074
6083
841
6648
3304
22
8655
2129
9568
9329
2288
8766
8581
1036
4762
5859
9665
5192
9503
5547
2323
2180
2245
8679
7615
7993
2347
7618
5512
3940
8083
4074
8422
3168
4234
400
247
5870
8598
2057
8080
3173
2567
7730
8198
2730
6755
9105
9895
6471
2737
1253
480
3107
8142
6989
4402
6809
4124
2665
573
7096
9862
1138
8957
579
4178
5255
4582
834
1429
2613
6146
8684
986
6273
3638
3689
419
9051
266
4767
8603
120
1639
1144
1131
6721
8664
415
8415
628
8091
8618
5380
7102
3119
2793
1244
8672
5136
9116
1750
67
4855
9620
1886
3279
4018
3382
2207
745
9911
8152
8519
9411
8868
8295
1197
2351
1757
3711
3656
6208
1465
3560
5405
9873
5726
5933
2506
2524
8353
1691
4533
825
1697
1968
4167
3232
1030
1484
738
7212
2559
2520
4105
2124
6121
6236
7933
124
5235
9695
2132
6632
4096
9069
7182
5673
2478
8055
9823
1278
1199
6057
3991
9908
5599
8331
3694
6026
9758
5137
3936
7208
885
994
4062
1003
3347
261
1914
7852
4323
7087
7475
8966
6887
5924
563
7134
622
9601
4103
4286
6480
5451
4082
2776
37
5854
9287
9842
3543
7653
8578
7283
7055
4190
2920
5179
7192
6653
1993
717
4572
7590
8947
8369
4791
4581
4730
8130
9484
8658
3910
5868
6187
7423
2460
5127
9170
5067
1725
3423
883
2775
8950
2299
8313
2253
1612
5142
9423
6340
7954
8585
6597
3963
7150
6333
6973
9667
4586
2402
5005
1135
8801
7373
4765
4999
4401
5711
63
5662
5103
2318
8738
4530
649
3429
9129
502
8414
8507
2193
9558
9483
41
3120
1646
6756
1926
6488
7344
8358
8662
7416
9207
2298
5976
3196
4371
486
8381
2715
1039
9127
432
243
7555
8943
6213
4368
7713
158
8825
3153
6176
7075
6663
4519
3048
8276
2908
8125
7799
4003
1023
888
4006
924
7644
4564
5970
2102
1690
7162
3002
6060
6828
391
9166
7146
7030
9663
905
9276
7727
7263
4132
748
434
9330
578
9267
4746
2122
2336
2011
8450
5105
1187
7968
6006
3307
4686
6017
3640
6141
2346
9468
5239
2878
6377
1034
6494
8476
6370
1787
5184
6888
9596
5484
8883
393
4068
7786
5658
8567
5163
9508
5298
9453
2693
6556
5638
537
3937
6992
3372
5892
6759
7890
7165
1724
1575
3375
4296
6789
3521
3295
4179
5571
2856
2637
8969
8478
3923
5850
3219
5489
8060
1006
2602
5409
9136
1054
2499
472
9863
7744
8343
3715
3731
4367
6528
5758
2016
1653
3968
5497
1538
1475
9056
3104
9497
2424
1893
1715
9188
2125
5709
6301
1128
9459
7086
8239
8741
3943
4755
3740
713
2481
6385
7240
3899
5204
8872
2442
2901
1875
5648
1483
9624
2316
6575
1317
9336
531
6794
3768
7166
4459
50
4326
8254
6836
8110
633
3008
5254
1806
7534
3439
5169
9855
9686
4187
1943
9022
1744
6302
1796
7244
1079
7177
7389
1981
9100
8810
3889
7931
5442
9771
6819
7807
9475
1081
4478
4903
8709
9832
5093
6249
1213
3255
5057
4665
8922
1931
3186
6815
5965
1307
457
6124
5012
7018
9113
2533
13
5243
8409
7069
5954
4252
961
7181
5753
3162
8777
1316
3617
842
4943
619
3673
3136
7959
4890
9581
2403
2554
9602
5788
2024
1120
3486
6095
5495
882
1681
1467
8893
1486
689
3859
6947
491
1966
1995
9343
6886
4150
3150
9260
3759
8621
3390
731
6029
1338
570
9378
1493
4199
209
6362
7792
2105
1328
1973
6722
1566
3791
7117
5909
7554
9152
3645
2220
5558
9739
6013
7211
7112
9160
8934
3369
4333
6723
7329
6100
8244
8355
1400
7450
8909
7088
1460
3362
7179
9314
292
4876
3333
9190
5784
7630
218
2897
2417
1076
3443
9358
5734
2593
7078
7191
3522
7348
3848
8802
298
1251
792
7594
5076
5890
5969
7171
7404
9156
981
3184
7685
7958
3108
126
3598
6530
5247
8549
4318
103
1775
1982
3620
5663
8194
9837
3863
8423
3090
7623
8185
7657
2566
490
7101
9529
5911
5882
6429
7202
6905
722
4001
4852
8722
9251
3061
2969
4849
5511
4330
4529
4599
5353
8754
7913
2073
3459
1927
7176
3356
752
3627
6814
5472
5392
8845
1678
3565
8454
3012
5322
3599
3554
6299
4163
5667
941
3766
2296
2143
4504
7988
2389
7427
9629
1710
5038
6737
1100
1383
1518
6218
4157
8792
1590
4391
5263
4129
3220
1302
1746
4248
3203
1546
3171
1975
8090
3574
4625
357
4313
9772
7305
8284
7856
6970
5931
3601
9560
2589
990
6119
5373
1370
4230
9132
8121
2413
5296
8568
4143
2977
5886
2151
4325
5730
4650
739
1191
358
4339
6536
1874
4889
3116
8739
9301
7795
1817
7880
4012
7778
7385
5376
9219
4959
9101
7898
892
987
1727
7261
1141
3007
3549
8785
2629
9480
2307
5438
206
4950
2086
8249
8615
4517
386
5844
4715
804
3087
3762
2437
5337
2804
3666
3547
7635
4158
8644
7532
1712
2534
9491
831
2379
2915
2709
3258
234
2991
7487
6403
7701
2543
6961
3934
9250
164
26
323
6317
7578
6964
2334
9436
9032
6779
918
6245
3135
9618
2579
582
3195
9750
7159
4914
3434
6096
2304
2553
1738
235
2526
8086
1586
4351
9505
1344
2536
5114
8370
3363
9074
9671
3096
7721
4411
9713
494
6374
4428
6577
7407
9547
6896
4147
7248
9058
6103
6162
7765
7232
1830
8168
4946
7338
3906
7466
6938
7167
2813
5505
6175
8068
6229
8159
392
5686
3622
5614
7313
7364
216
729
2912
8161
4647
5467
8390
3495
2292
2216
4923
4707
9162
7642
7160
104
1748
8645
4500
7230
2017
8462
9518
2696
6885
5193
7746
7104
316
1221
1521
3062
7491
3479
6587
3418
4549
7579
2230
4546
4298
1434
6282
2450
3643
6279
7430
1476
2006
2746
7365
8544
1008
6034
4748
7631
9707
6542
8306
2889
9357
2921
2355
6529
8318
3626
379
588
1070
2356
8156
4463
2580
9331
2928
2404
7270
8556
8000
2252
6226
1415
4054
8840
6139
8751
105
9184
3015
6906
6276
5830
8734
4584
1920
3650
6553
2512
2447
908
589
5143
2191
464
6252
5466
6159
4359
60
6604
3960
3492
2674
3271
9133
6490
7892
6285
6757
5174
4611
7493
4448
8293
5044
5549
1137
7361
5858
3223
2093
6768
644
4527
8246
8689
4993
5454
9670
2766
9040
3764
9445
3320
5627
6622
5847
8153
2820
7953
5877
2204
4528
8104
9652
6452
3827
6336
8678
291
4420
4843
7218
8761
7679
4712
3532
5606
1851
9379
2319
5634
9427
1072
6813
1392
6151
8213
4497
4094
695
8439
3260
9147
5281
8199
7661
856
9405
112
3316
2607
6544
9437
2161
6993
4137
988
7052
2058
7849
3995
2660
4040
6289
6181
4241
7992
4805
8844
3651
435
865
3634
1356
2812
9135
721
3683
3648
78
4340
3309
255
1598
4356
2342
4931
833
5560
3703
9485
8253
5875
3545
8617
7718
3774
8018
8668
8589
3983
4
2258
5046
5615
5155
5750
6084
7914
9277
1022
3384
9633
5303
8459
4982
8302
5014
9891
6679
5567
5629
1142
3781
8522
8497
6749
997
5908
1882
5452
7483
8271
5423
5426
4798
1747
2172
1506
2297
1946
9787
9769
7996
5207
962
9831
4488
6088
174
3589
6061
4065
5354
7889
2283
516
35
9448
5189
3961
3678
2065
4984
8286
2937
440
8387
7502
7597
4181
8874
9060
4388
4571
8698
1134
7900
9256
2899
2731
886
6445
1372
2590
2761
666
1168
6520
1945
6204
6853
7238
5253
9155
1375
6419
9478
3370
9333
4520
8601
4585
7140
680
7431
5699
4728
1837
9217
2434
7654
2023
5777
4576
1323
561
4979
5219
2429
5601
3853
9066
4470
2340
4164
8141
4708
1362
6053
1783
9722
5865
9610
2324
7307
3353
5781
7511
6158
2993
5482
6614
4007
536
4639
8489
1091
2345
6522
7526
466
8460
9171
3215
7906
5746
9687
1458
7321
3056
6510
7379
4484
1760
8407
956
7040
7347
9557
1811
7189
7694
7689
3631
3388
9760
3925
1073
7047
9410
8326
9450
2201
9736
6908
2195
6182
3846
8535
295
9792
1111
9441
113
3251
9270
1315
6002
7874
9521
4683
2317
4020
8574
2717
1737
1504
3088
6926
1699
868
7486
4309
8167
2884
8531
8790
5394
9645
4226
2079
2726
2936
2927
9647
118
7271
8
8536
4555
2810
7609
4327
5630
4383
7071
8808
3959
2572
1188
2821
5564
382
7194
250
5529
9681
5782
6572
1040
7042
6531
7027
1987
3306
7326
4047
3276
8528
9613
5912
2765
2770
129
2918
3590
338
2096
6300
3006
8948
3338
4597
3324
2735
2271
8962
6392
5404
9738
2644
4439
3076
5955
6767
8009
2795
6867
4588
837
8377
9730
2502
8552
3213
9086
4035
6844
9847
1250
4996
2570
8468
8631
3722
3346
4403
1062
3750
5019
1080
5477
85
3585
4365
763
93
7183
8336
8103
1279
527
9649
5033
9385
1781
1026
2643
3114
4390
4251
1150
8597
6066
9397
4848
5131
6523
8941
3676
2173
192
1044
4836
5090
3433
8300
5666
1671
5123
1863
3292
6230
233
5635
9812
8983
8023
197
2063
6378
1403
2662
2561
8250
2955
8827
7806
7861
4723
5794
658
2496
2876
7736
4229
8382
1163
6831
1148
4911
7621
8012
974
7073
4236
7401
7707
4874
6616
2615
4266
9494
921
3138
6165
8434
6239
7372
5308
3098
4299
3745
5129
2037
6854
9563
1061
6778
9381
7206
1376
9123
451
253
6368
838
2219
1937
5383
3738
3351
6711
1989
9482
8392
9720
8227
6325
2137
3704
3535
447
330
9755
2053
829
7794
4796
1544
280
1496
5279
9597
5385
5821
9430
8773
8221
8238
9786
3665
2809
5244
3587
7221
6250
6148
1215
8079
1305
5165
899
3880
8111
3860
2721
1852
1275
3335
4235
6745
478
8458
4293
3164
251
1145
9708
3285
6120
4492
4834
751
583
3660
3033
8728
6348
1110
7308
855
1226
5775
3735
9088
4357
7878
16
4353
3282
9369
2711
5717
9415
6398
2555
8514
8465
6866
6393
6383
870
5098
2675
4935
3432
9746
7300
4537
30
4594
3592
3097
5328
9061
9538
2306
5833
5428
9271
2851
8431
1108
3657
5073
863
6404
4948
344
7749
8225
4951
2095
8634
4149
4782
4274
8512
710
4702
1379
7645
2278
3349
8625
7359
3206
8680
7543
8894
7286
8097
5590
4206
9765
9853
4944
2782
2868
3672
7447
8545
2401
7867
9300
9617
7091
3699
7549
4314
2101
6678
8932
9593
6330
6271
9606
9835
3274
4032
4862
5738
7277
6064
3886
9344
2418
4244
5185
9444
3956
9466
8815
659
5218
5935
6438
9788
5350
7565
1614
6846
7128
1427
8588
3001
9209
4579
5128
2320
3450
6191
2464
2649
2439
2963
6868
4161
1439
4626
7560
2187
3189
2381
5194
7620
6479
4028
9477
5584
2274
7343
6584
425
2903
5419
8069
7477
3855
799
381
8746
8299
7082
6798
564
9272
5914
5095
4828
1551
3799
1031
2627
7408
3067
5947
5355
2449
5208
4033
4893
4928
5120
7827
1704
4174
7200
613
8876
300
6453
9189
4133
4838
314
6514
7983
5731
3559
4142
3664
3174
7231
9651
7773
3629
6633
9425
11
2992
7860
4596
3254
7847
4125
9205
5480
6205
2198
6131
9841
9029
8076
3214
8590
4757
592
7927
8676
4945
7803
5345
9488
6592
551
2588
5226
4632
6875
2393
2687
2774
5848
2471
6350
958
2117
8447
552
1568
429
3537
7060
2226
6087
2425
1844
714
4933
2090
5637
4724
7667
3652
6884
9239
577
6573
5062
4191
4269
8354
77
3202
1101
873
1693
1644
8694
8262
1181
1696
1393
2338
8171
5213
2269
8466
8778
7129
8643
4604
7626
6694
2837
9636
4220
6851
8498
9882
4170
8311
4324
835
4044
7435
5377
681
3424
4014
2081
2728
6386
7241
4744
128
9716
7242
5885
4653
270
1348
2823
8216
5492
6293
3149
949
5293
9449
4442
3343
708
3340
3744
2817
5150
3771
9140
9432
388
4432
131
8907
8020
1752
7507
9807
7463
1898
1509
2906
7039
1944
1648
1480
1295
7608
1125
4918
4320
7085
5566
549
7034
7970
7195
5334
585
576
3982
355
4617
5121
3123
7299
2603
9540
5111
4705
9809
3266
3702
3398
5770
1834
8120
6621
3438
1553
5526
4130
2838
5295
1064
1428
8688
4354
2894
7356
6475
7269
315
4866
9510
3496
8397
8859
6275
6500
5146
3938
4970
138
5971
668
3
7107
4846
8025
9571
9104
5949
1298
4319
5616
287
3614
2858
5644
9774
221
2349
8049
4135
4321
5139
2949
1143
9072
4550
2806
6703
7156
318
5379
2238
849
2605
1684
6466
646
1832
3208
8360
1935
7934
2174
1051
9087
604
6202
6563
555
1896
759
1902
5113
2012
8923
1329
7494
1038
4844
6484
7582
2803
5696
8223
4929
1962
1723
7556
3608
510
4207
6294
5018
4454
1755
9091
1910
8017
5573
8189
325
3466
2416
7624
5378
1730
6391
2659
7045
8752
4431
4804
2521
541
3376
6278
1557
3515
483
9324
4346
5041
3497
1661
8878
735
7546
5262
8154
3729
5795
2688
8030
5953
161
1601
2206
9311
369
606
1971
1957
805
3270
4211
33
3844
6246
6948
6818
1194
6976
4716
7217
6850
4192
8916
7824
8654
4574
2032
1873
7655
284
9861
5930
394
809
8219
9360
5357
6486
2448
6549
89
6080
9780
7051
9884
4733
793
8546
8003
8190
4971
970
9043
2983
4719
2436
6654
2042
4698
7164
2170
8910
3305
7748
7406
2013
3659
2758
915
532
6718
8248
6481
2614
3567
2848
4385
3815
2213
5006
7561
1631
6267
2328
8852
1552
6024
4382
1707
9044
2432
8690
6001
6259
959
6198
9417
1389
3794
1571
7580
4139
3795
3700
5799
6917
7259
190
311
6790
6780
2682
4472
5
569
4875
7412
876
7659
220
8061
3806
4872
5187
2153
850
8160
824
6787
1584
2948
3819
4787
1726
4510
7930
2465
36
6184
5585
2088
9909
2099
6651
9793
7875
6062
7528
6396
3253
6754
6373
1782
1249
7293
4873
439
5414
3856
8429
1367
403
183
9838
2824
5406
422
5330
7767
6788
8653
503
1074
7425
4534
2831
5469
1822
9474
2584
5091
4328
1605
4962
417
1649
4066
6862
6731
787
5693
9516
5003
8714
7884
5698
6732
709
5347
3684
3430
7525
6690
3502
7041
8037
6194
1105
8954
2857
8363
4285
5424
661
9187
296
1997
4272
8600
2473
6605
6417
6747
1816
8807
5375
1322
1457
9288
1147
1714
9119
1297
7706
5071
2498
1940
5807
1139
1657
9111
8269
445
7281
9592
749
7098
9877
2273
3456
2514
2399
9362
2372
6680
7106
8762
2022
2035
362
8351
2410
5878
6662
8635
1669
2049
3063
8339
213
5506
9810
3386
1377
3032
991
1980
6574
3840
2433
3417
1318
5528
5369
5132
4305
4343
4981
8582
9577
6517
4773
8024
1972
2645
9398
2890
3289
4080
9223
8814
1872
4634
4995
9083
8330
4452
176
1115
80
2663
6936
5996
4641
8912
1488
3225
6954
5802
5271
5335
1868
9426
7444
8692
5798
8341
889
9797
6848
160
5222
762
9638
8388
5554
2061
3868
3081
7188
1048
3641
2691
559
1456
7099
1352
5721
641
9075
7053
320
9822
6687
7851
6801
44
1735
8620
1915
9888
3894
3118
3998
8088
7539
5670
5288
2672
7908
5913
4718
2853
5436
939
9469
5570
4188
1067
1157
1227
5611
3915
3952
4568
433
8222
8723
4121
7374
1676
927
4601
2568
3180
9057
2865
6094
8759
7828
8435
5225
3669
9846
9902
6323
2651
1350
8875
5761
7492
8479
1174
3579
957
2458
4141
6784
9048
6284
9864
7284
2634
9590
5596
4603
1525
1617
9303
6630
7632
1562
9761
3380
1869
5284
1252
9122
3140
7264
9677
6309
9527
4055
2941
3461
3746
7461
2261
4329
4865
1451
3807
6211
1198
7881
3553
2748
7409
6495
3385
5820
7456
8871
5540
2987
4616
6957
1205
7891
8712
755
8805
4379
4455
9173
5088
2168
5498
718
6085
8993
5555
4171
3361
3842
1771
4850
3257
7573
4386
5094
5609
1469
3736
8268
4806
8126
5167
6011
1098
5503
3264
7622
4920
6264
7367
1414
4204
6157
4553
7637
4871
1309
9782
6363
913
8007
7158
6477
9282
9759
8275
2362
6897
5397
5011
8364
6864
7310
4342
1848
6895
8145
9655
5126
3642
4231
5260
308
6657
7982
7716
285
15
630
7986
4506
6316
8368
3406
3317
645
4793
6729
4051
5817
2957
7789
6174
3425
3548
1798
3984
7703
519
2517
3397
8285
3401
8611
6046
1930
1266
1016
4076
4842
5085
632
879
1683
2556
2178
8349
9389
5792
3977
9702
454
3465
6420
4413
8864
6857
9021
9688
9095
7095
4821
6188
8848
6437
1515
2690
239
39
1929
7897
6038
3242
1652
8140
6547
6075
1258
7967
332
4399
3966
1321
4839
1967
5910
3345
3172
1879
8257
8710
7772
1162
947
6978
6706
9486
8795
9353
5740
1722
9261
2476
9500
302
8421
4693
5975
346
8640
7845
2772
9439
7337
4551
8771
9177
8671
8260
2755
7788
7522
3302
4882
6355
5122
2669
4338
7956
5315
8882
7429
3031
5732
8534
2622
3191
8064
973
1528
4118
2967
2313
6185
5617
6793
9054
5927
5926
7038
586
7355
6306
7453
2466
670
5576
3273
7979
2302
8513
2725
3541
8977
8112
4282
5158
6508
9724
2542
565
4908
5464
4022
7010
9487
8482
5108
3858
5744
9498
3500
5061
816
9472
6669
4978
7126
3718
3101
6041
2816
1394
6540
8756
9214
4881
9131
7137
108
7866
7210
7291
3476
8858
4175
9526
9575
9033
9664
469
9714
9079
5488
7255
7756
1784
6883
9001
6898
3508
1864
1114
7935
9715
3383
7185
2490
5178
3102
4091
5559
3227
9565
4440
4278
2082
1146
6180
7290
3691
3708
2923
3902
4312
3999
8849
6122
778
9886
2104
2223
3428
3348
7076
3618
2815
6388
2789
7220
4972
1337
1086
8523
5106
222
7110
6598
5640
8021
5160
5032
3391
5329
7562
354
4349
3709
2060
7668
5756
6287
3630
596
1335
7677
8042
5518
7090
9641
2107
923
5135
3588
1270
2126
9211
116
1610
3823
6219
2431
4396
1635
7901
7670
5568
8494
7216
6684
1179
7899
4814
5525
2933
3930
7939
4895
7994
1595
2270
1909
5766
5962
8426
130
2846
132
760
6652
5361
6042
2398
2638
2026
485
8004
4942
5368
5045
2707
7383
5188
488
665
770
8157
9224
7521
2264
7448
696
4779
8539
6359
4186
5415
5232
7699
3503
404
3511
3156
3445
7369
8764
2192
2551
9747
6882
9777
8500
2158
141
7542
8570
4885
6105
4884
4552
8317
802
3462
7092
734
6502
186
6412
4222
228
6991
5387
1045
1020
6913
383
8719
3239
4100
2953
7658
3928
4213
2546
8449
8604
7722
4122
4280
2048
5119
8940
7049
6830
1498
2764
4902
9754
4701
3240
1296
7046
8203
1904
1742
52
5811
566
5010
6167
1277
426
8870
6933
1880
6636
5264
6987
1718
6240
2210
525
5803
8854
5476
8483
6644
3834
6077
9818
7568
9008
156
4372
9680
2747
1324
8880
7693
7818
3000
111
5402
2862
9077
2376
5485
353
3633
2266
8026
7570
3341
6164
9894
8389
3988
7139
7482
2808
7838
4004
8763
2787
5904
4487
3422
8853
9197
8058
2287
6615
223
3944
3557
3790
8851
79
1404
1164
9678
3187
4853
7223
2250
427
7257
4200
8919
783
7712
9199
6491
1189
6715
9059
1112
674
524
8505
950
9748
1947
5619
8732
6130
969
8817
2227
2986
3685
3772
8575
9015
3017
723
7322
2164
5008
3054
7362
3472
507
3950
5145
6286
7341
8226
8899
7739
2337
9669
7819
3144
7905
9683
7469
3920
8794
6369
2979
8974
6501
6758
8755
6515
7056
801
8242
8072
2475
1263
5168
543
9299
6033
2946
8521
1461
1606
9539
6177
6364
7089
5411
1364
1408
3877
2314
999
492
3182
5149
2743
3460
9418
3935
5669
5575
8729
6127
1410
9289
6116
7634
4153
4042
9310
5861
8819
7600
5248
7922
2505
8555
9328
6371
4395
3616
1158
7227
7945
6927
3932
9117
6833
3448
2199
8027
3313
347
2189
2009
6683
1435
2898
3830
6518
922
9125
8029
3204
1413
6409
5836
2880
3437
418
7733
996
2769
7910
8866
3907
8093
3392
5463
5202
639
2527
9185
6056
520
701
9467
1609
651
1531
5418
4151
6881
402
1655
49
1884
6873
8484
6589
4304
727
4072
1351
9266
6454
1532
5478
3542
6594
5234
5258
1207
4752
861
664
8770
1037
2646
8695
2834
813
1497
375
2166
150
2529
3155
4468
5487
2480
724
8045
7468
3199
2508
4538
2703
4053
4215
2167
4987
5536
3319
3513
4738
2003
983
5272
6212
6699
8237
7823
768
5659
7226
2982
7121
737
9337
3603
9006
8337
6295
4287
3167
7280
9790
8033
8155
6465
7669
3841
2406
5677
1464
5502
5325
8967
135
518
522
1576
200
7436
3310
826
1857
8798
4429
1149
3514
1230
6384
5840
2571
290
4750
9080
3055
257
6410
9352
7888
7649
8822
5097
2959
8553
4258
5102
1711
538
7219
3993
7652
2712
4609
3756
8813
4897
448
5007
6352
3769
3539
5514
8945
5983
4361
2367
2228
3322
1795
1211
5600
7997
4629
6785
6704
6817
4152
6921
91
6922
860
1218
3366
4467
199
3754
4446
7249
3913
8903
265
6829
1512
4659
4113
1363
3524
954
4101
8979
7421
1021
1842
9690
1802
1720
1818
7514
48
9192
322
7235
1938
7398
9550
3451
8022
5636
780
219
2175
716
8691
7118
3238
7592
1599
9802
2005
3074
3050
3753
1340
5901
2080
4197
6274
3409
6963
7309
3978
2594
5278
319
6800
1102
5651
9871
2611
6367
8399
4246
5723
9181
4110
5053
7617
1222
5412
1041
1867
6716
8744
7396
8592
4284
1831
3447
4878
3374
8455
224
4756
776
9778
1686
6625
1009
6128
1489
8384
5534
6357
1494
4963
9255
7566
9451
3297
609
3804
2966
6353
2596
6739
4086
137
6743
5883
4763
461
1445
2452
3501
7243
1847
8860
7991
8803
9092
3080
8548
2286
1229
7473
5257
2421
1267
2790
1495
1721
3095
6693
8855
8309
9073
7237
8767
1751
3485
4840
556
1056
1075
1122
2484
9201
9046
8921
7990
4761
5002
3942
2916
3026
2882
1402
3403
2802
5768
2492
1955
2576
9195
5928
6946
1151
4930
3288
6689
2133
8164
542
4906
2456
1004
2459
9004
5509
1
6329
6268
2786
6918
4408
2943
8119
6272
8594
5066
9892
5917
7919
1334
2974
1988
3879
4275
1254
7760
3130
1779
877
7320
212
4830
2713
5747
70
2537
9700
6950
6055
4927
7437
5632
6260
2493
4847
8963
5787
1183
9535
4507
5678
6425
71
2875
4548
2599
5249
9465
8496
9118
3875
1607
6415
6054
1773
6101
3342
599
5922
1789
4608
6351
1679
5826
8557
2653
8373
3371
5539
1511
3318
875
7340
2532
4177
1224
6356
2188
6557
2279
409
5348
897
9726
7325
1833
5366
6856
3487
8985
4225
7097
944
2938
9215
9639
9377
7544
3458
6612
8464
8204
3272
185
1085
7178
84
8329
4627
6457
2701
1132
1856
8986
5450
5963
6145
5718
17
8391
7853
1153
5082
8098
462
8272
6560
2444
4302
1481
2050
8622
3898
2375
7495
7093
1029
7785
2773
1999
6173
5556
8889
232
9762
1487
9880
153
9588
181
985
2076
7972
7610
8192
9232
9804
1739
6974
2218
9340
8427
4437
329
4522
6620
2163
8474
2971
9554
8457
4477
2825
2883
6781
3105
163
4610
6365
7960
8015
3298
180
512
8731
9146
7638
4210
5771
4297
8403
4841
2910
119
1024
6186
46
1176
3188
3085
7141
5250
2275
3112
5020
7787
1017
4317
1891
3028
4816
4495
7791
932
6440
4255
6487
9078
6334
1095
9698
4023
6266
5729
25
1178
6935
4742
6270
460
6601
5068
8994
5968
2756
4375
9018
5395
8441
4070
7800
4434
1293
6567
8019
3020
5172
3829
5391
4732
6795
6526
210
7037
8361
3836
9879
442
705
299
1522
4290
7614
1015
7417
4027
2357
3798
951
5932
9731
6505
3332
4045
6025
8132
652
8501
6344
4883
8492
702
1641
7971
8082
8607
4606
979
7064
7572
9806
88
2378
7143
6489
9168
9549
8139
2232
9332
6698
5196
8162
184
6493
2981
4953
9319
7682
6104
4079
3782
1732
9844
3407
907
3364
6135
7559
3159
341
4676
9674
5199
3367
4710
5311
4501
3021
967
9685
1390
6521
7103
115
6444
8965
8720
5685
615
2836
5388
9393
3611
5577
9071
2332
3929
3394
6877
3636
8812
8890
8674
2123
9179
40
6163
289
4660
1474
3072
9876
4450
8560
3696
832
7254
9037
975
4934
8628
7368
9567
5829
2427
6280
9799
3658
5138
6566
698
8838
4751
1384
5772
5064
2990
9785
1815
1261
8745
8278
9237
5705
4334
1550
5660
8448
2628
5352
8647
7519
4727
8885
3165
9421
6231
2811
7247
4856
4073
9473
8251
1448
5399
797
4980
7530
1285
3154
2835
2419
6290
6940
9429
4990
3677
685
4937
1087
8320
800
902
3793
2031
590
4754
2621
9139
6217
2895
5221
1446
9893
3299
6248
3726
444
3269
5519
8708
2242
8721
9025
756
188
9872
1155
2783
8209
4845
1569
6015
1911
5144
3077
6109
3490
9725
627
5153
4867
368
1624
4901
9035
6894
5210
8576
2656
6538
3344
8307
6244
4473
8788
350
5769
5276
8835
6752
1933
3158
2085
3157
496
7301
2706
4807
6155
3765
4735
9265
3974
5692
6932
2140
1284
8793
8839
5800
2956
8630
4860
8346
7527
1913
9509
1615
5332
7832
4974
7130
4673
5856
9234
7782
2667
678
5130
7558
7598
2310
914
4075
3457
7186
8235
7816
2370
1580
1303
9661
1889
3211
9240
2624
9103
3181
1976
1411
8289
4513
1007
2240
4198
7633
9435
6617
2917
7015
5214
9225
6900
3400
4421
553
4812
3594
189
4378
5649
7153
5302
3230
3103
5083
7496
5557
1260
2438
8046
7831
3023
8077
3607
1239
4743
1281
1860
8270
3921
1994
3893
7695
8323
4085
9
5977
4493
7026
1063
1331
5301
8115
7850
6988
9213
9359
2828
195
7720
5748
5574
4389
7282
7647
2477
2642
7057
6832
3786
9273
6197
8177
8035
5818
1593
7698
5916
9047
808
3922
5523
7067
1541
4591
7029
4387
7462
5521
8243
4279
3687
8095
7843
7705
8816
7017
453
5333
3036
5881
4145
7294
3224
5524
1903
4526
8956
3446
5741
1654
5152
4663
3680
4794
8820
3693
1666
6649
7844
1905
3049
8713
839
5607
2004
1208
3644
4196
3758
9368
9036
42
8742
3071
4772
1420
5538
8675
6972
4725
5675
8101
5760
8109
7648
4784
2924
5703
32
7135
9621
9326
7297
5236
669
9454
8786
1454
9697
1821
5987
8515
9165
6203
337
2154
7410
4112
874
7058
114
301
8984
610
7441
8502
7656
2515
2020
4612
9096
2440
7882
4674
2136
6924
3373
8599
7035
9293
9030
7798
7213
283
6251
6903
1591
1245
764
2647
5979
5336
1826
8735
8781
6446
401
7628
998
3555
5217
7295
3530
2833
4277
642
6389
3245
6447
5645
9694
8942
8412
9783
2869
2777
3078
8410
9278
6022
2679
4969
9512
5598
2586
7872
5921
6283
9305
4205
5028
1643
560
6995
8350
5805
5661
2249
9582
8995
1219
5407
5501
6786
1412
8176
5779
6750
2619
9143
6734
2087
6433
6688
5080
2018
4593
4331
2976
539
4400
6106
2451
9481
3321
1555
57
4662
2241
6861
6941
8908
9887
352
5888
9312
3131
339
740
7187
3805
6842
812
9829
2799
7214
2911
6953
4714
6390
8348
2094
340
4166
5592
5486
3802
8609
3442
6979
260
2719
3234
2840
8048
881
3414
6192
2463
2237
4775
365
312
7458
359
880
1858
7684
5824
3869
3132
3679
7666
7734
4423
125
1444
2944
5985
8831
3755
7587
4466
3066
2818
6102
4544
5639
3828
1561
1542
2446
2156
2184
8490
5393
9366
9548
1418
2295
8040
6338
7285
4148
10
275
5280
7028
6442
6923
2388
155
9828
4965
4824
4894
9878
8681
4664
7025
1417
7754
2453
8074
8884
2545
2400
7036
5690
544
249
7345
3663
8211
2518
5386
2350
7000
5291
6599
6915
5360
9208
2075
8445
8372
5589
8359
3193
5101
9408
7895
1604
593
1535
6376
2685
9644
8736
3887
8791
5009
4858
7288
3635
7499
817
1810
4485
1156
1756
1113
534
6143
4249
6593
6168
3903
2272
5238
328
6559
3628
7775
5201
8988
5443
5936
943
6485
7520
4592
7332
241
6776
6637
5036
1519
2234
3912
6841
1470
982
4369
7686
7266
699
6504
7377
9634
2961
4216
8991
167
8892
1057
9499
4154
2203
2744
3533
43
4896
5087
9826
1888
1232
7460
7434
1396
3857
4031
1536
3278
8108
4058
1632
293
4737
2077
5707
7885
5978
2866
476
6760
771
5603
2742
5873
3719
9081
3041
7551
4514
4559
5474
603
8245
4254
5973
1960
9145
1243
6700
2583
9569
2630
2185
3767
4008
6916
1859
5055
9836
3908
6345
8946
2657
1283
5806
5274
8263
1359
7869
5702
2578
2661
3262
7465
3623
7858
1953
4539
5176
9151
2842
7136
8208
963
6869
4809
6149
8928
8550
1663
4595
9732
2945
3933
2041
3872
2952
277
7842
477
8274
3237
1292
2763
3259
4776
1969
6215
3068
6079
5553
7048
5372
246
8144
7735
19
6021
7267
8569
6222
3981
1355
8047
4376
3534
7745
3737
412
6872
6332
4567
3896
3569
1130
6070
7366
7155
2668
3763
6891
1094
625
3177
2951
5531
3125
6346
7553
8809
1645
6852
7319
8413
8725
208
2822
7239
1117
5449
1193
9735
5548
3402
2135
1436
9492
6265
667
8584
1505
2285
8608
3824
3327
9094
5468
1333
3662
2929
4515
205
8094
2141
5433
1432
3897
7761
5835
2739
4518
1636
5275
5305
4182
2564
2565
3296
757
6558
2277
424
1597
1240
4645
7279
1473
3221
7008
6113
4667
279
4000
7969
872
7174
953
1694
1397
98
2205
3655
9584
1478
5031
5631
8143
5706
3016
3962
1640
1449
9536
9346
5993
5694
8730
6361
858
9355
1152
8829
7797
6400
6839
276
7044
9298
2702
2435
8180
6516
6421
3029
4476
9002
5961
4010
5893
3169
6791
8442
3825
7863
8136
6939
1824
1248
8824
7311
7591
5341
4019
7606
1005
385
9657
2131
3395
7962
1530
8686
9316
6439
2144
8451
3453
4682
7751
3811
7662
1769
465
5814
4267
901
428
4009
6065
7821
5267
7826
7506
9766
2618
7516
5923
2211
3723
6178
545
8117
1185
5643
7318
9455
5156
5290
728
2284
7790
2128
8959
6499
9112
1011
286
7256
9689
4654
5390
1033
9579
2762
2996
4460
4790
4745
8769
4300
1046
6551
1374
3378
3780
2888
3005
0
9198
4131
5490
2633
5624
3504
2501
3494
82
7199
4764
3124
7574
6691
8315
348
7351
1440
3733
3591
1346
7304
7940
3580
1247
9794
7276
6611
6147
3092
6220
3939
4802
3989
7245
5241
9167
7977
8416
9286
8579
6170
6483
1516
7893
9865
5895
4087
2538
2902
9349
334
2036
3578
3175
9607
6238
8418
7948
2791
3596
1173
1758
1958
1574
7943
2423
4736
4373
4740
2248
2415
1585
9110
1423
1990
3216
7966
54
6812
7589
2454
5079
637
4909
3440
6546
5510
6870
3870
342
1706
4447
8165
6472
430
3420
9284
6724
9121
8529
5327
5586
1778
4445
6043
9648
6931
399
5695
4545
5460
2411
6503
3082
9038
8918
595
8525
1547
1140
5340
3544
5813
2625
2312
6045
1106
9347
8288
2015
4685
5059
7122
1462
3235
8006
1443
546
700
3926
9089
5343
2926
8148
4057
9254
8591
648
1196
3127
5679
2321
8138
5722
9614
4480
4223
2935
1027
3416
4438
7781
3143
846
4261
2384
5049
4734
6640
7697
264
281
936
2892
5186
3042
635
2146
4986
2293
2222
9587
5229
9292
8656
3911
1687
8996
9243
8059
3069
2573
8395
3509
8137
4749
5228
4672
4405
9848
5000
4202
5786
5906
7995
3564
2694
6261
7324
8264
9504
3674
3046
482
1633
8193
3789
8900
5825
5656
9890
4061
4689
8298
7896
9150
2008
9603
4671
3812
5765
7405
7575
5984
1342
1490
2019
3139
1336
3498
6782
8999
3986
7016
2708
6805
1104
7298
3777
1217
3241
4615
177
7352
9875
6406
6129
919
248
3992
127
5117
166
9024
726
6
9546
2055
5776
4985
7957
3163
3083
9502
2106
8944
7752
9318
6641
2569
9259
8297
9372
2200
5181
8113
9401
1881
1013
688
1862
6341
1570
324
2760
7627
441
211
7902
4966
8404
489
6028
4697
8481
964
3454
741
4384
9515
1345
6588
535
690
6190
5320
3649
2074
5551
6533
3133
9317
2914
9693
7780
9374
4227
1287
5294
3686
4013
4769
1974
83
2160
237
1332
9595
7547
8706
1613
7201
9522
5069
263
1466
9390
1970
7133
7393
168
5381
5446
3201
4505
1919
5309
3207
7062
3529
8173
4088
4117
7498
8385
1986
2658
9646
1950
2829
8888
4661
1762
9833
7671
1589
2044
8290
6072
5416
86
7879
4919
9403
198
6835
2562
5876
6929
5283
9249
274
1387
7007
8642
6331
8073
2509
9561
3519
2636
3949
9380
1642
7747
5256
7503
8065
1123
6591
843
2891
313
4880
1501
6859
4624
7674
612
8602
4046
8229
7414
468
9779
1698
8659
4820
2587
5431
2801
7836
373
1492
3331
9696
6586
2487
2604
2335
5277
143
2280
1838
1507
511
4688
7005
4193
8530
3359
7717
110
413
8937
9175
5206
3597
3315
3147
8623
1799
7459
7726
1984
2757
4482
7857
6581
4064
8179
6659
8663
7508
7829
2807
935
2030
5410
9231
4887
1310
3775
9154
134
1028
8365
1092
2919
9164
6478
7755
6307
9711
2301
7002
6166
499
7944
9407
6382
1499
4414
9673
4469
733
7471
8258
7567
1800
7820
6860
5999
1471
5389
7392
9551
7402
2470
9172
6068
2396
4185
5613
621
1801
5618
1883
5021
5292
5608
984
6337
1182
8053
9523
2382
6822
6658
1921
4240
4499
5880
1097
2497
5743
5371
7168
5124
4292
8128
459
6643
1702
6224
7151
1312
3551
2800
4128
7173
9555
8181
4766
7593
5447
2181
6468
4817
6399
1819
3727
7518
4481
9796
3900
8924
7443
8571
3111
8961
8420
3873
568
8133
980
3969
1450
1082
1583
6257
4029
8973
1167
2970
2698
5533
8526
6138
616
4233
5001
4102
4532
5342
7395
207
5307
8106
6225
1963
361
6910
5628
3051
4778
4172
6312
6962
5990
4811
8178
2409
1545
4640
6142
7738
5060
1491
2494
1228
4989
2522
9252
4973
6880
626
3600
5453
719
9856
6764
3955
7834
5312
4900
7904
7292
4306
9458
1220
5757
1626
5435
6019
8743
9490
5182
5479
5846
7759
2111
7480
7125
8614
495
2326
6322
6967
1985
2530
7440
7163
1090
9768
9544
7481
2855
4681
7769
2942
2116
4977
4259
9438
2108
4590
1268
3619
3779
2472
8856
3646
8174
5992
5516
1854
5141
5251
6838
7145
4713
9115
4458
8443
4381
3464
6823
540
1269
8887
99
4578
1000
8869
2689
4620
2255
1579
7132
2968
3808
4956
6115
7224
7810
9852
7108
845
2485
3236
7275
2443
4955
938
9517
9721
7777
2176
4690
74
2260
1395
5252
3410
3610
6161
2934
5588
1849
5358
8319
1192
9178
3531
6482
7805
5147
3145
6107
9531
4783
307
1828
9511
3784
7758
647
4183
5735
526
2641
6824
3698
912
2482
97
1306
506
4195
6826
3478
2841
1223
4957
4268
5115
594
5039
1398
2700
7984
6902
9023
7228
6016
5767
2214
6193
8902
123
794
1406
5465
9660
1616
6032
6263
715
6878
4490
2511
2704
2907
6010
2360
3303
6984
4556
3851
7354
7517
2098
9589
5719
8904
3743
6078
407
5408
2064
1991
529
2149
8726
493
3668
2705
7193
9889
6705
3831
3849
3810
5070
2954
7724
6171
2343
9307
8261
972
9556
8100
8201
683
2547
7184
2513
8867
5995
4795
28
6981
8929
4260
8008
3946
5077
343
6469
3110
8516
9868
928
9342
5762
5905
2623
6296
5853
172
9728
3895
6436
8542
87
8624
3714
7876
9857
5982
467
4036
4648
6695
4905
9409
4083
5839
7737
4416
3354
4089
81
3647
6907
2962
2395
9605
5420
6123
3146
2654
5063
6214
4176
7497
2692
638
9153
7449
171
4265
5720
3052
471
6661
6058
6865
3994
7605
3615
9524
5029
7350
9142
8075
5898
1978
9630
656
6825
8401
1765
4030
7801
6003
4877
1304
4605
9513
6821
6863
2142
8733
989
7489
8632
765
3194
3518
7490
5894
5633
7750
2039
523
2582
3721
6952
3368
7
3757
8081
3355
6696
2893
1791
6097
3787
7596
4941
4976
8783
7077
6934
4111
6590
1025
8905
4496
1419
3121
3980
5339
4988
7384
3444
1388
7059
6576
4415
3682
1772
406
3226
7571
4303
1238
8362
8430
8485
3115
6144
8958
3357
154
2867
2390
8044
431
2256
7287
9019
1200
7646
6160
2523
9586
1300
1447
3019
6023
1763
9456
6982
6209
5065
2
5736
7114
4569
1619
6579
8259
8267
1537
7438
8895
306
6675
2504
7265
7446
4404
2341
4097
1628
1558
3190
3816
8533
4483
1588
9386
3792
6207
6199
8613
903
109
4273
1190
4050
2832
8231
7142
5952
8651
640
214
8757
9452
3788
6492
1734
1050
5317
7903
8842
5700
7612
4753
5346
3540
6728
2309
6986
5344
7196
6076
2885
7925
4162
8992
3387
24
230
8776
7081
4618
170
2859
8670
6968
1925
3730
9898
7342
7548
5396
5704
1794
8470
7523
9028
2788
8398
1820
5763
484
3094
3653
3086
6796
1426
3573
2978
9585
75
5177
4832
784
8583
356
3561
1713
3323
6806
2733
8669
6762
7470
157
2753
9433
7445
1790
4637
2202
5434
6150
4687
6291
3404
8633
7116
9709
3044
2676
8981
268
9404
7411
278
6506
4465
5864
4580
3106
5220
5687
3797
8707
4680
933
3990
6014
5857
3556
8166
871
8294
9013
4861
5907
7467
1524
6511
9279
3247
7303
1754
8375
1169
3084
7386
9840
9519
2563
363
3268
7541
8737
2680
6742
5175
6613
2805
6509
4677
9627
9339
753
798
5078
4308
7197
4562
1510
6619
6904
4502
6802
1425
7710
1214
4932
8915
61
4156
4039
6476
1276
3415
1508
9905
1357
2315
2369
1259
8175
2666
9869
1964
398
1294
9297
7602
6998
2819
8247
5356
785
3053
6608
5042
3412
4366
8843
2134
9653
9204
8587
2386
1468
9896
487
8486
7839
5683
3845
677
7397
4560
7877
5351
5494
777
3183
7664
8818
3091
6578
5040
6537
217
4081
1032
4221
9811
6037
3773
4021
2361
8748
500
8463
1638
5483
893
1290
5808
3477
862
8446
1327
743
9422
2290
9704
1124
2165
8099
900
6753
2670
1672
5594
5646
2235
8586
1083
675
7346
8551
1839
4810
9476
3043
4426
8296
345
2617
4436
5940
8149
351
6770
4168
8324
8629
6550
242
1361
1745
848
2785
5884
867
4394
8001
7505
3212
7975
7454
9016
7094
5581
2998
2557
6314
8220
5837
5183
4691
5180
6228
7251
890
1749
1651
1437
3624
5151
750
6253
4656
8205
1634
515
2989
5672
2640
5223
5822
20
7509
9830
7250
5981
6685
3706
8804
3475
4419
5944
7457
7690
5550
821
4015
3040
6354
1014
653
5764
1289
8796
7921
410
7033
7371
3606
4822
2233
9236
5461
8499
3813
38
9174
9107
929
789
9662
1204
443
1556
204
5838
9212
9416
9897
7080
8056
9658
1231
2845
7955
4535
8772
1407
9534
7774
5171
6288
514
9541
4622
34
5413
769
7207
8717
1459
4870
4347
2300
349
3294
7873
9257
6461
5261
6460
5471
5842
1736
8939
3244
4994
7793
5216
6044
6089
7588
7054
8931
7123
9163
1918
3126
1932
5986
6513
5148
4159
1071
9392
8760
5224
9635
8240
2479
6585
2344
8541
4238
2380
854
1421
7013
6627
8327
1341
3248
9679
9320
9304
1808
2281
2881
5964
1786
7512
9742
7111
6890
8834
6297
2716
3997
1069
3871
9124
1894
3014
1416
9656
2681
4430
6673
3817
2525
7729
7965
9642
8901
8683
7375
5674
2385
9559
1700
1066
682
3865
6424
5195
2120
9600
8182
9109
7432
7422
3231
9824
8540
8524
3222
7708
7757
5647
4709
4694
3613
4983
3148
8456
567
4217
1703
9717
122
7825
5331
7515
4700
4155
3252
6740
5422
9258
6237
2040
2544
1255
4355
2749
66
4069
8716
1630
9158
56
9253
5362
8438
6422
7700
7651
7809
4888
2025
1262
8344
6638
6647
4295
336
4451
5401
2231
4598
8636
8087
5455
4104
4270
96
7868
4059
1890
4002
8356
229
8232
9321
2152
909
6327
3558
2322
7003
6879
3538
7639
4288
7050
6624
5642
8673
2084
5733
1843
3854
7583
4800
8332
3821
8366
4704
4524
1526
960
6912
5507
3312
4936
2236
4589
6069
455
8558
7119
5819
2798
1313
2729
2871
304
5754
2377
2208
4565
4370
7428
9082
5429
3710
8252
309
8333
1349
795
5939
4785
92
711
4345
1908
8210
3160
1685
6765
1803
4583
4940
3283
9334
3571
3179
6093
9845
405
3142
6112
6358
3550
3038
76
1965
9741
4602
1564
3352
4276
473
9210
45
8897
2113
2516
6319
3117
8107
5197
9867
2965
2467
3586
4613
5530
5398
6349
1719
898
7728
2510
3890
7190
2394
7938
4160
8367
8291
380
4410
3523
3670
1861
5879
5513
940
8881
2964
5022
7455
9537
5542
501
107
9063
1308
7229
6073
844
6580
3690
5445
2047
3250
8949
8241
2034
8787
8014
2844
2147
5956
8428
1409
1664
6951
370
2268
8862
4566
282
521
5024
9470
9130
7987
3326
9675
9203
3411
4011
605
1952
193
4301
5966
9789
9281
7676
1670
5527
149
7312
6303
2276
5863
8960
6456
2155
9710
6277
9157
6114
3728
2905
2217
2072
9611
806
3047
1587
5374
528
254
4052
6738
1540
1299
3045
9012
2305
1602
1523
360
4726
6810
9727
6027
1126
2697
1386
2549
7924
5652
9764
6321
2939
9552
2863
159
4311
2441
2145
4837
5496
4350
9194
8183
558
4120
387
598
4071
3901
5713
6807
1209
5287
317
1608
3176
7024
1264
554
1959
6730
1399
7360
634
6772
2639
7380
746
9264
259
3360
5370
5725
5544
513
946
4283
6232
4025
1813
5365
8577
9055
8857
4084
2870
4770
5104
3688
730
9808
4243
9169
7763
1603
8715
7012
4134
7918
1180
6059
272
3161
8833
1767
9712
2029
4363
5938
5517
9325
3826
2896
1291
9141
256
852
5832
8432
9821
1378
8727
5943
4952
6126
1127
8032
8005
9263
7540
9743
9817
1797
3584
2407
5960
7846
5665
505
390
1380
1650
7545
2121
3263
1133
5610
3200
3178
397
6459
2118
3838
786
7420
8444
51
7887
8433
4759
7865
6564
3093
7672
6018
1928
3325
5338
2826
5157
7964
7550
9904
2391
7743
7830
6966
9749
5285
6709
2754
8701
8322
5899
6603
8627
7920
5989
5427
8461
5532
5273
7376
4232
3481
7894
3742
7370
4362
3972
7719
7629
6039
9625
8699
2768
