1022
29
882
169
238
721
344
597
672
369
36
558
25
1059
211
64
854
809
293
484
8
139
1006
521
78
382
784
337
780
310
824
96
714
932
708
316
440
456
1034
65
63
663
897
916
772
203
829
383
943
321
727
126
299
580
664
35
50
1036
512
405
149
402
855
234
625
103
362
744
392
733
609
994
821
488
155
636
1069
498
232
1048
1012
115
308
253
94
447
944
1056
109
938
12
124
93
19
599
223
79
327
68
419
328
889
860
179
976
864
564
725
887
522
981
865
565
334
247
839
493
196
104
701
978
840
618
906
680
313
116
1073
867
637
85
819
880
745
898
56
145
603
563
408
1017
968
1054
37
1081
6
87
258
624
475
486
961
969
0
982
81
590
795
711
623
224
872
685
891
948
847
352
844
319
838
1029
1060
931
267
787
983
726
400
1014
500
462
841
910
193
77
458
76
694
832
101
1046
543
1038
728
67
1071
1008
748
333
489
469
304
218
71
730
269
340
678
42
986
516
1049
120
1026
60
450
551
614
160
4
646
992
585
377
481
737
587
706
822
446
209
249
554
826
22
830
152
690
630
143
365
324
710
692
30
1072
1019
689
263
254
245
930
189
892
270
681
562
552
195
825
589
1013
205
125
52
358
703
9
374
811
122
45
182
343
27
756
574
514
842
762
946
409
130
985
987
951
760
320
317
546
645
206
752
406
848
804
852
626
722
648
1018
716
417
161
157
84
662
288
281
1074
461
539
117
971
1062
1047
137
775
908
617
351
391
287
140
925
345
437
28
973
612
107
1077
14
1001
712
305
835
492
874
504
214
384
641
420
55
280
771
1068
108
675
1003
1028
1076
518
560
876
260
571
509
1002
653
235
75
177
474
359
751
255
862
222
452
764
178
845
858
536
284
660
526
367
439
1057
922
913
559
378
1044
755
631
175
441
770
239
742
893
937
397
445
633
497
627
90
629
31
243
123
69
212
1070
836
831
430
870
581
141
999
980
567
86
525
964
622
20
248
656
380
934
57
201
998
453
658
3
142
540
807
373
423
638
535
53
720
989
717
644
888
1021
924
66
390
464
572
789
507
904
972
869
460
1027
111
761
372
275
1011
176
40
487
325
933
594
225
207
909
903
556
459
47
818
1000
466
436
349
1055
954
595
354
576
553
1016
335
368
659
1
974
812
600
532
401
185
470
426
794
1061
432
164
929
857
779
1031
949
967
350
768
945
444
791
566
921
112
13
92
778
431
1082
914
584
168
341
1024
828
942
676
118
907
424
977
326
51
98
393
411
163
890
568
202
307
146
661
465
18
463
443
292
158
192
763
389
515
184
295
740
336
1035
958
773
915
448
496
520
588
237
757
286
265
5
215
72
823
346
605
984
747
962
947
144
677
861
652
837
1052
765
668
315
632
723
886
1063
366
213
199
21
300
491
988
707
266
102
256
364
290
1005
777
871
613
1053
817
427
190
132
950
528
394
150
698
736
131
665
577
501
506
808
709
935
833
673
1004
684
735
801
621
1058
353
1025
268
693
1040
719
657
696
134
634
357
197
810
200
731
547
1045
83
231
894
990
963
1009
216
412
298
878
99
297
386
414
596
602
843
669
187
301
494
619
753
156
276
940
129
667
376
530
650
754
508
666
941
781
635
477
59
695
1083
620
261
1039
1015
582
467
370
796
550
429
647
900
272
331
455
615
502
1066
361
381
233
73
173
679
511
16
171
531
555
262
746
642
421
15
979
774
955
454
783
724
573
713
524
210
48
834
277
896
788
356
579
959
879
167
33
687
1065
1043
1020
970
348
786
927
339
800
734
264
476
151
517
355
217
399
542
729
240
208
251
194
410
371
422
282
34
479
413
483
919
957
1079
165
651
991
318
451
718
347
905
544
379
306
1007
49
330
604
549
133
41
884
534
449
252
127
767
917
7
434
1080
226
863
936
186
899
138
803
965
813
538
472
1051
227
527
586
433
995
766
1032
279
643
785
923
250
46
285
674
699
1078
82
363
575
478
114
912
1033
541
705
289
928
1030
616
856
17
416
537
741
533
395
802
