200
58
227
83
11
144
13
64
31
27
70
112
188
220
42
71
193
117
10
17
196
36
82
49
48
33
1
98
57
43
100
35
169
231
119
166
123
19
85
81
216
94
99
106
4
96
16
148
120
160
173
142
109
164
29
145
114
23
65
152
171
102
116
14
203
12
50
69
63
97
178
138
122
93
176
132
126
213
103
78
140
30
236
149
125
226
25
45
215
153
92
197
228
194
156
211
150
38
180
157
214
46
15
165
175
202
168
206
230
54
111
115
108
187
6
84
72
223
183
133
88
40
113
105
154
129
2
21
37
121
204
87
55
47
212
5
209
186
146
235
137
143
95
147
67
232
159
59
136
9
172
34
190
151
225
208
24
28
118
107
3
192
135
179
91
199
201
130
66
184
79
205
39
0
41
221
53
198
26
141
128
219
90
195
131
162
185
124
233
222
